a 128 128 0.56640625 0.0 0.125 0.125
ba 128 128 0.6953125 0.0 0.125 0.125
be 128 128 0.82421875 0.0 0.125 0.125
bi 128 128 0.56640625 0.12890625 0.125 0.125
bo 128 128 0.6953125 0.12890625 0.125 0.125
bu 128 128 0.82421875 0.12890625 0.125 0.125
chi 128 128 0.56640625 0.2578125 0.125 0.125
da 128 128 0.6953125 0.2578125 0.125 0.125
de 128 128 0.82421875 0.2578125 0.125 0.125
do 128 128 0.56640625 0.38671875 0.125 0.125
du 128 128 0.6953125 0.38671875 0.125 0.125
e 128 128 0.82421875 0.38671875 0.125 0.125
empty 128 128 0.56640625 0.515625 0.125 0.125
font_032 14 40 0.984375 0.04296875 0.013671875 0.0390625
font_048 28 40 0.953125 0.04296875 0.02734375 0.0390625
font_049 28 40 0.953125 0.0859375 0.02734375 0.0390625
font_050 28 40 0.953125 0.12890625 0.02734375 0.0390625
font_051 28 40 0.953125 0.171875 0.02734375 0.0390625
font_052 28 40 0.953125 0.21484375 0.02734375 0.0390625
font_053 28 40 0.953125 0.2578125 0.02734375 0.0390625
font_054 28 40 0.953125 0.30078125 0.02734375 0.0390625
font_055 28 40 0.953125 0.34375 0.02734375 0.0390625
font_056 28 40 0.953125 0.38671875 0.02734375 0.0390625
font_057 28 40 0.953125 0.4296875 0.02734375 0.0390625
font_065 28 40 0.953125 0.47265625 0.02734375 0.0390625
font_069 28 40 0.953125 0.515625 0.02734375 0.0390625
font_071 28 40 0.953125 0.55859375 0.02734375 0.0390625
font_077 36 40 0.953125 0.0 0.03515625 0.0390625
font_079 28 40 0.953125 0.6015625 0.02734375 0.0390625
font_082 28 40 0.56640625 0.90234375 0.02734375 0.0390625
font_086 28 40 0.56640625 0.9453125 0.02734375 0.0390625
fu 128 128 0.6953125 0.515625 0.125 0.125
ga 128 128 0.82421875 0.515625 0.125 0.125
ge 128 128 0.56640625 0.64453125 0.125 0.125
gi 128 128 0.56640625 0.7734375 0.125 0.125
go 128 128 0.6953125 0.64453125 0.125 0.125
gray 576 1024 0.0 0.0 0.5625 1.0
gu 128 128 0.82421875 0.64453125 0.125 0.125
ha 128 128 0.6953125 0.7734375 0.125 0.125
he 128 128 0.82421875 0.7734375 0.125 0.125
score_048 16 20 0.984375 0.0859375 0.015625 0.01953125
score_049 16 20 0.984375 0.12890625 0.015625 0.01953125
score_050 16 20 0.984375 0.171875 0.015625 0.01953125
score_051 16 20 0.984375 0.21484375 0.015625 0.01953125
score_052 16 20 0.984375 0.2578125 0.015625 0.01953125
score_053 16 20 0.984375 0.30078125 0.015625 0.01953125
score_054 16 20 0.984375 0.34375 0.015625 0.01953125
score_055 16 20 0.984375 0.38671875 0.015625 0.01953125
score_056 16 20 0.984375 0.4296875 0.015625 0.01953125
score_057 16 20 0.984375 0.47265625 0.015625 0.01953125
