ra 128 128 0.0 0.0 0.125 0.125
re 128 128 0.12890625 0.0 0.125 0.125
ri 128 128 0.2578125 0.0 0.125 0.125
ro 128 128 0.38671875 0.0 0.125 0.125
ru 128 128 0.515625 0.0 0.125 0.125
sa 128 128 0.64453125 0.0 0.125 0.125
se 128 128 0.7734375 0.0 0.125 0.125
shi 128 128 0.0 0.12890625 0.125 0.125
so 128 128 0.0 0.2578125 0.125 0.125
su 128 128 0.0 0.38671875 0.125 0.125
ta 128 128 0.0 0.515625 0.125 0.125
te 128 128 0.0 0.64453125 0.125 0.125
to 128 128 0.0 0.7734375 0.125 0.125
tsu 128 128 0.12890625 0.12890625 0.125 0.125
u 128 128 0.2578125 0.12890625 0.125 0.125
wa 128 128 0.38671875 0.12890625 0.125 0.125
wo 128 128 0.515625 0.12890625 0.125 0.125
ya 128 128 0.64453125 0.12890625 0.125 0.125
yo 128 128 0.7734375 0.12890625 0.125 0.125
yu 128 128 0.12890625 0.2578125 0.125 0.125
za 128 128 0.12890625 0.38671875 0.125 0.125
ze 128 128 0.12890625 0.515625 0.125 0.125
zi 128 128 0.12890625 0.64453125 0.125 0.125
zo 128 128 0.12890625 0.7734375 0.125 0.125
zu 128 128 0.2578125 0.2578125 0.125 0.125
