arrow 18 14 0.98046875 0.06640625 0.017578125 0.013671875
begin 40 40 0.8515625 0.0 0.0390625 0.0390625
black 32 32 0.9140625 0.2578125 0.03125 0.03125
blue 40 40 0.89453125 0.0 0.0390625 0.0390625
bomb 40 40 0.9375 0.0 0.0390625 0.0390625
box 20 20 0.98046875 0.04296875 0.01953125 0.01953125
dark 40 40 0.8515625 0.04296875 0.0390625 0.0390625
end 40 40 0.89453125 0.04296875 0.0390625 0.0390625
font_032 14 40 0.98046875 0.0 0.013671875 0.0390625
font_048 28 40 0.93359375 0.0859375 0.02734375 0.0390625
font_049 28 40 0.96484375 0.0859375 0.02734375 0.0390625
font_050 28 40 0.8515625 0.12890625 0.02734375 0.0390625
font_051 28 40 0.8828125 0.12890625 0.02734375 0.0390625
font_052 28 40 0.9140625 0.12890625 0.02734375 0.0390625
font_053 28 40 0.9453125 0.12890625 0.02734375 0.0390625
font_054 28 40 0.8515625 0.171875 0.02734375 0.0390625
font_055 28 40 0.8828125 0.171875 0.02734375 0.0390625
font_056 28 40 0.9140625 0.171875 0.02734375 0.0390625
font_057 28 40 0.9453125 0.171875 0.02734375 0.0390625
font_065 28 40 0.8515625 0.21484375 0.02734375 0.0390625
font_069 28 40 0.8828125 0.21484375 0.02734375 0.0390625
font_071 28 40 0.9140625 0.21484375 0.02734375 0.0390625
font_077 36 40 0.89453125 0.0859375 0.03515625 0.0390625
font_079 28 40 0.9453125 0.21484375 0.02734375 0.0390625
font_082 28 40 0.8515625 0.2578125 0.02734375 0.0390625
font_86 28 40 0.8828125 0.2578125 0.02734375 0.0390625
gray 576 1024 0.0 0.0 0.5625 1.0
led 6 12 0.9765625 0.12890625 0.005859375 0.01171875
red 40 40 0.9375 0.04296875 0.0390625 0.0390625
white 288 480 0.56640625 0.0 0.28125 0.46875
yellow 40 40 0.8515625 0.0859375 0.0390625 0.0390625
