r_j 128 128 0.0 0.0 0.125 0.125
r_ji 128 128 0.12890625 0.0 0.125 0.125
r_ka 128 128 0.2578125 0.0 0.125 0.125
r_ke 128 128 0.38671875 0.0 0.125 0.125
r_ki 128 128 0.515625 0.0 0.125 0.125
r_ko 128 128 0.64453125 0.0 0.125 0.125
r_ku 128 128 0.7734375 0.0 0.125 0.125
r_ma 128 128 0.0 0.12890625 0.125 0.125
r_me 128 128 0.0 0.2578125 0.125 0.125
r_mi 128 128 0.0 0.38671875 0.125 0.125
r_mo 128 128 0.0 0.515625 0.125 0.125
r_mu 128 128 0.0 0.64453125 0.125 0.125
r_n 128 128 0.0 0.7734375 0.125 0.125
r_na 128 128 0.12890625 0.12890625 0.125 0.125
r_ne 128 128 0.2578125 0.12890625 0.125 0.125
r_ni 128 128 0.38671875 0.12890625 0.125 0.125
r_no 128 128 0.515625 0.12890625 0.125 0.125
r_nu 128 128 0.64453125 0.12890625 0.125 0.125
r_o 128 128 0.7734375 0.12890625 0.125 0.125
r_pa 128 128 0.12890625 0.2578125 0.125 0.125
r_pe 128 128 0.12890625 0.38671875 0.125 0.125
r_pi 128 128 0.12890625 0.515625 0.125 0.125
r_po 128 128 0.12890625 0.64453125 0.125 0.125
r_pu 128 128 0.12890625 0.7734375 0.125 0.125
r_ra 128 128 0.2578125 0.2578125 0.125 0.125
r_re 128 128 0.38671875 0.2578125 0.125 0.125
r_ri 128 128 0.515625 0.2578125 0.125 0.125
r_ro 128 128 0.64453125 0.2578125 0.125 0.125
r_ru 128 128 0.7734375 0.2578125 0.125 0.125
r_sa 128 128 0.2578125 0.38671875 0.125 0.125
r_se 128 128 0.2578125 0.515625 0.125 0.125
r_shi 128 128 0.2578125 0.64453125 0.125 0.125
r_so 128 128 0.2578125 0.7734375 0.125 0.125
r_su 128 128 0.38671875 0.38671875 0.125 0.125
r_ta 128 128 0.515625 0.38671875 0.125 0.125
r_te 128 128 0.64453125 0.38671875 0.125 0.125
r_to 128 128 0.7734375 0.38671875 0.125 0.125
r_tsu 128 128 0.38671875 0.515625 0.125 0.125
r_u 128 128 0.38671875 0.64453125 0.125 0.125
r_wa 128 128 0.38671875 0.7734375 0.125 0.125
r_wo 128 128 0.515625 0.515625 0.125 0.125
r_ya 128 128 0.64453125 0.515625 0.125 0.125
r_yo 128 128 0.7734375 0.515625 0.125 0.125
r_yu 128 128 0.515625 0.64453125 0.125 0.125
r_za 128 128 0.515625 0.7734375 0.125 0.125
r_ze 128 128 0.64453125 0.64453125 0.125 0.125
r_zi 128 128 0.7734375 0.64453125 0.125 0.125
r_zo 128 128 0.64453125 0.7734375 0.125 0.125
r_zu 128 128 0.7734375 0.7734375 0.125 0.125
