arrow 18 14 0.95703125 0.1484375 0.017578125 0.013671875
begin 40 40 0.95703125 0.10546875 0.0390625 0.0390625
black 32 32 0.62890625 0.47265625 0.03125 0.03125
blue 40 40 0.95703125 0.16796875 0.0390625 0.0390625
bomb 40 40 0.8515625 0.23046875 0.0390625 0.0390625
box 20 20 0.9765625 0.2734375 0.01953125 0.01953125
button_leaderboard 114 50 0.8515625 0.0 0.111328125 0.048828125
button_play 114 50 0.8515625 0.052734375 0.111328125 0.048828125
dark 40 40 0.89453125 0.23046875 0.0390625 0.0390625
end 40 40 0.9375 0.23046875 0.0390625 0.0390625
font_032 14 40 0.98046875 0.23046875 0.013671875 0.0390625
font_048 28 40 0.9667969 0.0 0.02734375 0.0390625
font_049 28 40 0.9667969 0.052734375 0.02734375 0.0390625
font_050 28 40 0.8515625 0.31640625 0.02734375 0.0390625
font_051 28 40 0.8515625 0.359375 0.02734375 0.0390625
font_052 28 40 0.8515625 0.40234375 0.02734375 0.0390625
font_053 28 40 0.8828125 0.31640625 0.02734375 0.0390625
font_054 28 40 0.9140625 0.31640625 0.02734375 0.0390625
font_055 28 40 0.9453125 0.31640625 0.02734375 0.0390625
font_056 28 40 0.8828125 0.359375 0.02734375 0.0390625
font_057 28 40 0.8828125 0.40234375 0.02734375 0.0390625
font_065 28 40 0.9140625 0.359375 0.02734375 0.0390625
font_069 28 40 0.9453125 0.359375 0.02734375 0.0390625
font_071 28 40 0.9140625 0.40234375 0.02734375 0.0390625
font_077 36 40 0.9375 0.2734375 0.03515625 0.0390625
font_079 28 40 0.9453125 0.40234375 0.02734375 0.0390625
font_082 28 40 0.56640625 0.47265625 0.02734375 0.0390625
font_86 28 40 0.59765625 0.47265625 0.02734375 0.0390625
gray 576 1024 0.0 0.0 0.5625 1.0
led 6 12 0.9785156 0.1484375 0.005859375 0.01171875
red 40 40 0.8515625 0.2734375 0.0390625 0.0390625
score_048 16 20 0.8515625 0.4453125 0.015625 0.01953125
score_049 16 20 0.9765625 0.31640625 0.015625 0.01953125
score_050 16 20 0.8828125 0.4453125 0.015625 0.01953125
score_051 16 20 0.9765625 0.359375 0.015625 0.01953125
score_052 16 20 0.9140625 0.4453125 0.015625 0.01953125
score_053 16 20 0.9765625 0.40234375 0.015625 0.01953125
score_054 16 20 0.9453125 0.4453125 0.015625 0.01953125
score_055 16 20 0.96484375 0.4453125 0.015625 0.01953125
score_056 16 20 0.984375 0.4453125 0.015625 0.01953125
score_057 16 20 0.6640625 0.47265625 0.015625 0.01953125
swipe_down 50 60 0.8515625 0.10546875 0.048828125 0.05859375
swipe_left 50 60 0.9042969 0.10546875 0.048828125 0.05859375
swipe_right 50 60 0.8515625 0.16796875 0.048828125 0.05859375
swipe_up 50 60 0.9042969 0.16796875 0.048828125 0.05859375
white 288 480 0.56640625 0.0 0.28125 0.46875
yellow 40 40 0.89453125 0.2734375 0.0390625 0.0390625
