hi 128 128 0.0 0.0 0.125 0.125
ho 128 128 0.12890625 0.0 0.125 0.125
i 128 128 0.2578125 0.0 0.125 0.125
ji 128 128 0.38671875 0.0 0.125 0.125
ka 128 128 0.515625 0.0 0.125 0.125
ke 128 128 0.64453125 0.0 0.125 0.125
ki 128 128 0.7734375 0.0 0.125 0.125
ko 128 128 0.0 0.12890625 0.125 0.125
ku 128 128 0.0 0.2578125 0.125 0.125
ma 128 128 0.0 0.38671875 0.125 0.125
me 128 128 0.0 0.515625 0.125 0.125
mi 128 128 0.0 0.64453125 0.125 0.125
mo 128 128 0.0 0.7734375 0.125 0.125
mu 128 128 0.12890625 0.12890625 0.125 0.125
n 128 128 0.2578125 0.12890625 0.125 0.125
na 128 128 0.38671875 0.12890625 0.125 0.125
ne 128 128 0.515625 0.12890625 0.125 0.125
ni 128 128 0.64453125 0.12890625 0.125 0.125
no 128 128 0.7734375 0.12890625 0.125 0.125
nu 128 128 0.12890625 0.2578125 0.125 0.125
o 128 128 0.12890625 0.38671875 0.125 0.125
pa 128 128 0.12890625 0.515625 0.125 0.125
pe 128 128 0.12890625 0.64453125 0.125 0.125
pi 128 128 0.12890625 0.7734375 0.125 0.125
po 128 128 0.2578125 0.2578125 0.125 0.125
pu 128 128 0.38671875 0.2578125 0.125 0.125
r_a 128 128 0.515625 0.2578125 0.125 0.125
r_ba 128 128 0.64453125 0.2578125 0.125 0.125
r_be 128 128 0.7734375 0.2578125 0.125 0.125
r_bi 128 128 0.2578125 0.38671875 0.125 0.125
r_bo 128 128 0.2578125 0.515625 0.125 0.125
r_bu 128 128 0.2578125 0.64453125 0.125 0.125
r_chi 128 128 0.2578125 0.7734375 0.125 0.125
r_da 128 128 0.38671875 0.38671875 0.125 0.125
r_de 128 128 0.515625 0.38671875 0.125 0.125
r_do 128 128 0.64453125 0.38671875 0.125 0.125
r_du 128 128 0.7734375 0.38671875 0.125 0.125
r_e 128 128 0.38671875 0.515625 0.125 0.125
r_fu 128 128 0.38671875 0.64453125 0.125 0.125
r_ga 128 128 0.38671875 0.7734375 0.125 0.125
r_ge 128 128 0.515625 0.515625 0.125 0.125
r_gi 128 128 0.64453125 0.515625 0.125 0.125
r_go 128 128 0.7734375 0.515625 0.125 0.125
r_gu 128 128 0.515625 0.64453125 0.125 0.125
r_ha 128 128 0.515625 0.7734375 0.125 0.125
r_he 128 128 0.64453125 0.64453125 0.125 0.125
r_hi 128 128 0.7734375 0.64453125 0.125 0.125
r_ho 128 128 0.64453125 0.7734375 0.125 0.125
r_i 128 128 0.7734375 0.7734375 0.125 0.125
